2022/05/16-13:15:52.815775 7f7fabd20700 RocksDB version: 6.10.2
2022/05/16-13:15:52.816298 7f7fabd20700 Git sha rocksdb_build_git_sha:
2022/05/16-13:15:52.816304 7f7fabd20700 Compile date Jun 28 2020
2022/05/16-13:15:52.816308 7f7fabd20700 DB SUMMARY
2022/05/16-13:15:52.820802 7f7fabd20700 CURRENT file:  CURRENT
2022/05/16-13:15:52.820813 7f7fabd20700 IDENTITY file:  IDENTITY
2022/05/16-13:15:52.822483 7f7fabd20700 MANIFEST file:  MANIFEST-000027 size: 228 Bytes
2022/05/16-13:15:52.822501 7f7fabd20700 SST files in data/standalone/bookkeeper0/current/locations dir, Total Num: 2, files: 000024.sst 000026.sst 
2022/05/16-13:15:52.822888 7f7fabd20700 Write Ahead Log file in data/standalone/bookkeeper0/current/locations: 000028.log size: 181 ; 
2022/05/16-13:15:52.822898 7f7fabd20700                         Options.error_if_exists: 0
2022/05/16-13:15:52.822902 7f7fabd20700                       Options.create_if_missing: 1
2022/05/16-13:15:52.822905 7f7fabd20700                         Options.paranoid_checks: 1
2022/05/16-13:15:52.822908 7f7fabd20700                                     Options.env: 0x7f7e8bff7f20
2022/05/16-13:15:52.823685 7f7fabd20700                                      Options.fs: Posix File System
2022/05/16-13:15:52.823693 7f7fabd20700                                Options.info_log: 0x7f7fa5c6ec00
2022/05/16-13:15:52.823696 7f7fabd20700                Options.max_file_opening_threads: 16
2022/05/16-13:15:52.823699 7f7fabd20700                              Options.statistics: (nil)
2022/05/16-13:15:52.823702 7f7fabd20700                               Options.use_fsync: 0
2022/05/16-13:15:52.823987 7f7fabd20700                       Options.max_log_file_size: 0
2022/05/16-13:15:52.823992 7f7fabd20700                  Options.max_manifest_file_size: 1073741824
2022/05/16-13:15:52.823995 7f7fabd20700                   Options.log_file_time_to_roll: 86400
2022/05/16-13:15:52.823997 7f7fabd20700                       Options.keep_log_file_num: 30
2022/05/16-13:15:52.824000 7f7fabd20700                    Options.recycle_log_file_num: 0
2022/05/16-13:15:52.824003 7f7fabd20700                         Options.allow_fallocate: 1
2022/05/16-13:15:52.824288 7f7fabd20700                        Options.allow_mmap_reads: 0
2022/05/16-13:15:52.824293 7f7fabd20700                       Options.allow_mmap_writes: 0
2022/05/16-13:15:52.824296 7f7fabd20700                        Options.use_direct_reads: 0
2022/05/16-13:15:52.824299 7f7fabd20700                        Options.use_direct_io_for_flush_and_compaction: 0
2022/05/16-13:15:52.824302 7f7fabd20700          Options.create_missing_column_families: 0
2022/05/16-13:15:52.824575 7f7fabd20700                              Options.db_log_dir: 
2022/05/16-13:15:52.824581 7f7fabd20700                                 Options.wal_dir: data/standalone/bookkeeper0/current/locations
2022/05/16-13:15:52.824583 7f7fabd20700                Options.table_cache_numshardbits: 6
2022/05/16-13:15:52.824586 7f7fabd20700                      Options.max_subcompactions: 1
2022/05/16-13:15:52.824589 7f7fabd20700                         Options.WAL_ttl_seconds: 0
2022/05/16-13:15:52.824843 7f7fabd20700                       Options.WAL_size_limit_MB: 0
2022/05/16-13:15:52.824849 7f7fabd20700                        Options.max_write_batch_group_size_bytes: 1048576
2022/05/16-13:15:52.824852 7f7fabd20700             Options.manifest_preallocation_size: 4194304
2022/05/16-13:15:52.824855 7f7fabd20700                     Options.is_fd_close_on_exec: 1
2022/05/16-13:15:52.824858 7f7fabd20700                   Options.advise_random_on_open: 1
2022/05/16-13:15:52.824861 7f7fabd20700                    Options.db_write_buffer_size: 0
2022/05/16-13:15:52.825126 7f7fabd20700                    Options.write_buffer_manager: 0x7f7fa5c71850
2022/05/16-13:15:52.825131 7f7fabd20700         Options.access_hint_on_compaction_start: 1
2022/05/16-13:15:52.825134 7f7fabd20700  Options.new_table_reader_for_compaction_inputs: 0
2022/05/16-13:15:52.825137 7f7fabd20700           Options.random_access_max_buffer_size: 1048576
2022/05/16-13:15:52.825159 7f7fabd20700                      Options.use_adaptive_mutex: 0
2022/05/16-13:15:52.825624 7f7fabd20700                            Options.rate_limiter: (nil)
2022/05/16-13:15:52.825632 7f7fabd20700     Options.sst_file_manager.rate_bytes_per_sec: 0
2022/05/16-13:15:52.825635 7f7fabd20700                       Options.wal_recovery_mode: 2
2022/05/16-13:15:52.825638 7f7fabd20700                  Options.enable_thread_tracking: 0
2022/05/16-13:15:52.825641 7f7fabd20700                  Options.enable_pipelined_write: 0
2022/05/16-13:15:52.825644 7f7fabd20700                  Options.unordered_write: 0
2022/05/16-13:15:52.826045 7f7fabd20700         Options.allow_concurrent_memtable_write: 1
2022/05/16-13:15:52.826050 7f7fabd20700      Options.enable_write_thread_adaptive_yield: 1
2022/05/16-13:15:52.826053 7f7fabd20700             Options.write_thread_max_yield_usec: 100
2022/05/16-13:15:52.826056 7f7fabd20700            Options.write_thread_slow_yield_usec: 3
2022/05/16-13:15:52.826058 7f7fabd20700                               Options.row_cache: None
2022/05/16-13:15:52.826647 7f7fabd20700                              Options.wal_filter: None
2022/05/16-13:15:52.826658 7f7fabd20700             Options.avoid_flush_during_recovery: 0
2022/05/16-13:15:52.826662 7f7fabd20700             Options.allow_ingest_behind: 0
2022/05/16-13:15:52.826665 7f7fabd20700             Options.preserve_deletes: 0
2022/05/16-13:15:52.826668 7f7fabd20700             Options.two_write_queues: 0
2022/05/16-13:15:52.826671 7f7fabd20700             Options.manual_wal_flush: 0
2022/05/16-13:15:52.828203 7f7fabd20700             Options.atomic_flush: 0
2022/05/16-13:15:52.828216 7f7fabd20700             Options.avoid_unnecessary_blocking_io: 0
2022/05/16-13:15:52.828219 7f7fabd20700                 Options.persist_stats_to_disk: 0
2022/05/16-13:15:52.828222 7f7fabd20700                 Options.write_dbid_to_manifest: 0
2022/05/16-13:15:52.828225 7f7fabd20700                 Options.log_readahead_size: 0
2022/05/16-13:15:52.828229 7f7fabd20700                 Options.file_checksum_gen_factory: Unknown
2022/05/16-13:15:52.828847 7f7fabd20700                 Options.best_efforts_recovery: 0
2022/05/16-13:15:52.828853 7f7fabd20700             Options.max_background_jobs: 32
2022/05/16-13:15:52.828856 7f7fabd20700             Options.max_background_compactions: -1
2022/05/16-13:15:52.828858 7f7fabd20700             Options.avoid_flush_during_shutdown: 0
2022/05/16-13:15:52.828860 7f7fabd20700           Options.writable_file_max_buffer_size: 1048576
2022/05/16-13:15:52.828880 7f7fabd20700             Options.delayed_write_rate : 16777216
2022/05/16-13:15:52.829768 7f7fabd20700             Options.max_total_wal_size: 536870912
2022/05/16-13:15:52.829775 7f7fabd20700             Options.delete_obsolete_files_period_micros: 3600000000
2022/05/16-13:15:52.829778 7f7fabd20700                   Options.stats_dump_period_sec: 600
2022/05/16-13:15:52.829782 7f7fabd20700                 Options.stats_persist_period_sec: 600
2022/05/16-13:15:52.829785 7f7fabd20700                 Options.stats_history_buffer_size: 1048576
2022/05/16-13:15:52.830224 7f7fabd20700                          Options.max_open_files: -1
2022/05/16-13:15:52.830230 7f7fabd20700                          Options.bytes_per_sync: 0
2022/05/16-13:15:52.830233 7f7fabd20700                      Options.wal_bytes_per_sync: 0
2022/05/16-13:15:52.830236 7f7fabd20700                   Options.strict_bytes_per_sync: 0
2022/05/16-13:15:52.830239 7f7fabd20700       Options.compaction_readahead_size: 0
2022/05/16-13:15:52.830241 7f7fabd20700                  Options.max_background_flushes: -1
2022/05/16-13:15:52.830597 7f7fabd20700 Compression algorithms supported:
2022/05/16-13:15:52.830604 7f7fabd20700 	kZSTDNotFinalCompression supported: 1
2022/05/16-13:15:52.830608 7f7fabd20700 	kZSTD supported: 1
2022/05/16-13:15:52.830611 7f7fabd20700 	kXpressCompression supported: 0
2022/05/16-13:15:52.830614 7f7fabd20700 	kLZ4HCCompression supported: 1
2022/05/16-13:15:52.830617 7f7fabd20700 	kLZ4Compression supported: 1
2022/05/16-13:15:52.830620 7f7fabd20700 	kBZip2Compression supported: 1
2022/05/16-13:15:52.831089 7f7fabd20700 	kZlibCompression supported: 1
2022/05/16-13:15:52.831094 7f7fabd20700 	kSnappyCompression supported: 1
2022/05/16-13:15:52.831101 7f7fabd20700 Fast CRC32 supported: Not supported on x86
2022/05/16-13:15:52.848982 7f7fabd20700 [/version_set.cc:4477] Recovering from manifest file: data/standalone/bookkeeper0/current/locations/MANIFEST-000027
2022/05/16-13:15:52.852210 7f7fabd20700 [/column_family.cc:579] --------------- Options for column family [default]:
2022/05/16-13:15:52.852656 7f7fabd20700               Options.comparator: leveldb.BytewiseComparator
2022/05/16-13:15:52.852661 7f7fabd20700           Options.merge_operator: None
2022/05/16-13:15:52.852664 7f7fabd20700        Options.compaction_filter: None
2022/05/16-13:15:52.852667 7f7fabd20700        Options.compaction_filter_factory: None
2022/05/16-13:15:52.852671 7f7fabd20700         Options.memtable_factory: SkipListFactory
2022/05/16-13:15:52.852675 7f7fabd20700            Options.table_factory: BlockBasedTable
2022/05/16-13:15:52.852976 7f7fabd20700            table_factory options:   flush_block_policy_factory: FlushBlockBySizePolicyFactory (0x7f7fa5bdf910)
  cache_index_and_filter_blocks: 1
  cache_index_and_filter_blocks_with_high_priority: 0
  pin_l0_filter_and_index_blocks_in_cache: 0
  pin_top_level_index_and_filter: 1
  index_type: 0
  data_block_index_type: 0
  index_shortening: 1
  data_block_hash_table_util_ratio: 0.750000
  hash_index_allow_collision: 1
  checksum: 2
  no_block_cache: 0
  block_cache: 0x7f7fa5bb6a20
  block_cache_name: LRUCache
  block_cache_options:
    capacity : 429496729
    num_shard_bits : 6
    strict_capacity_limit : 0
    memory_allocator : None
    high_pri_pool_ratio: 0.000
  block_cache_compressed: (nil)
  persistent_cache: (nil)
  block_size: 4096
  block_size_deviation: 10
  block_restart_interval: 16
  index_block_restart_interval: 1
  metadata_block_size: 4096
  partition_filters: 0
  use_delta_encoding: 1
  filter_policy: rocksdb.BuiltinBloomFilter
  whole_key_filtering: 1
  verify_compression: 1
  read_amp_bytes_per_bit: 0
  format_version: 2
  enable_index_compression: 1
  block_align: 0
2022/05/16-13:15:52.853821 7f7fabd20700        Options.write_buffer_size: 4194304
2022/05/16-13:15:52.853829 7f7fabd20700  Options.max_write_buffer_number: 4
2022/05/16-13:15:52.853833 7f7fabd20700          Options.compression: LZ4
2022/05/16-13:15:52.853837 7f7fabd20700                  Options.bottommost_compression: Disabled
2022/05/16-13:15:52.853840 7f7fabd20700       Options.prefix_extractor: nullptr
2022/05/16-13:15:52.855042 7f7fabd20700   Options.memtable_insert_with_hint_prefix_extractor: nullptr
2022/05/16-13:15:52.855052 7f7fabd20700             Options.num_levels: 7
2022/05/16-13:15:52.855056 7f7fabd20700        Options.min_write_buffer_number_to_merge: 1
2022/05/16-13:15:52.855059 7f7fabd20700     Options.max_write_buffer_number_to_maintain: 0
2022/05/16-13:15:52.855062 7f7fabd20700     Options.max_write_buffer_size_to_maintain: 0
2022/05/16-13:15:52.855424 7f7fabd20700            Options.bottommost_compression_opts.window_bits: -14
2022/05/16-13:15:52.855430 7f7fabd20700                  Options.bottommost_compression_opts.level: 32767
2022/05/16-13:15:52.855434 7f7fabd20700               Options.bottommost_compression_opts.strategy: 0
2022/05/16-13:15:52.855439 7f7fabd20700         Options.bottommost_compression_opts.max_dict_bytes: 0
2022/05/16-13:15:52.855442 7f7fabd20700         Options.bottommost_compression_opts.zstd_max_train_bytes: 0
2022/05/16-13:15:52.855735 7f7fabd20700         Options.bottommost_compression_opts.parallel_threads: 1
2022/05/16-13:15:52.855741 7f7fabd20700                  Options.bottommost_compression_opts.enabled: false
2022/05/16-13:15:52.855745 7f7fabd20700            Options.compression_opts.window_bits: -14
2022/05/16-13:15:52.855748 7f7fabd20700                  Options.compression_opts.level: 32767
2022/05/16-13:15:52.855751 7f7fabd20700               Options.compression_opts.strategy: 0
2022/05/16-13:15:52.855755 7f7fabd20700         Options.compression_opts.max_dict_bytes: 0
2022/05/16-13:15:52.856073 7f7fabd20700         Options.compression_opts.zstd_max_train_bytes: 0
2022/05/16-13:15:52.856078 7f7fabd20700         Options.compression_opts.parallel_threads: 1
2022/05/16-13:15:52.856082 7f7fabd20700                  Options.compression_opts.enabled: false
2022/05/16-13:15:52.856086 7f7fabd20700      Options.level0_file_num_compaction_trigger: 4
2022/05/16-13:15:52.856089 7f7fabd20700          Options.level0_slowdown_writes_trigger: 20
2022/05/16-13:15:52.856387 7f7fabd20700              Options.level0_stop_writes_trigger: 36
2022/05/16-13:15:52.856392 7f7fabd20700                   Options.target_file_size_base: 4194304
2022/05/16-13:15:52.856395 7f7fabd20700             Options.target_file_size_multiplier: 1
2022/05/16-13:15:52.856398 7f7fabd20700                Options.max_bytes_for_level_base: 268435456
2022/05/16-13:15:52.856401 7f7fabd20700 Options.level_compaction_dynamic_level_bytes: 1
2022/05/16-13:15:52.856703 7f7fabd20700          Options.max_bytes_for_level_multiplier: 10.000000
2022/05/16-13:15:52.856710 7f7fabd20700 Options.max_bytes_for_level_multiplier_addtl[0]: 1
2022/05/16-13:15:52.856714 7f7fabd20700 Options.max_bytes_for_level_multiplier_addtl[1]: 1
2022/05/16-13:15:52.856717 7f7fabd20700 Options.max_bytes_for_level_multiplier_addtl[2]: 1
2022/05/16-13:15:52.856720 7f7fabd20700 Options.max_bytes_for_level_multiplier_addtl[3]: 1
2022/05/16-13:15:52.856737 7f7fabd20700 Options.max_bytes_for_level_multiplier_addtl[4]: 1
2022/05/16-13:15:52.857006 7f7fabd20700 Options.max_bytes_for_level_multiplier_addtl[5]: 1
2022/05/16-13:15:52.857011 7f7fabd20700 Options.max_bytes_for_level_multiplier_addtl[6]: 1
2022/05/16-13:15:52.857014 7f7fabd20700       Options.max_sequential_skip_in_iterations: 8
2022/05/16-13:15:52.857017 7f7fabd20700                    Options.max_compaction_bytes: 104857600
2022/05/16-13:15:52.857020 7f7fabd20700                        Options.arena_block_size: 524288
2022/05/16-13:15:52.857312 7f7fabd20700   Options.soft_pending_compaction_bytes_limit: 68719476736
2022/05/16-13:15:52.857317 7f7fabd20700   Options.hard_pending_compaction_bytes_limit: 274877906944
2022/05/16-13:15:52.857321 7f7fabd20700       Options.rate_limit_delay_max_milliseconds: 100
2022/05/16-13:15:52.857324 7f7fabd20700                Options.disable_auto_compactions: 0
2022/05/16-13:15:52.857329 7f7fabd20700                        Options.compaction_style: kCompactionStyleLevel
2022/05/16-13:15:52.857333 7f7fabd20700                          Options.compaction_pri: kMinOverlappingRatio
2022/05/16-13:15:52.857624 7f7fabd20700 Options.compaction_options_universal.size_ratio: 1
2022/05/16-13:15:52.857663 7f7fabd20700 Options.compaction_options_universal.min_merge_width: 2
2022/05/16-13:15:52.857668 7f7fabd20700 Options.compaction_options_universal.max_merge_width: 4294967295
2022/05/16-13:15:52.857670 7f7fabd20700 Options.compaction_options_universal.max_size_amplification_percent: 200
2022/05/16-13:15:52.857673 7f7fabd20700 Options.compaction_options_universal.compression_size_percent: -1
2022/05/16-13:15:52.857952 7f7fabd20700 Options.compaction_options_universal.stop_style: kCompactionStopStyleTotalSize
2022/05/16-13:15:52.857957 7f7fabd20700 Options.compaction_options_fifo.max_table_files_size: 1073741824
2022/05/16-13:15:52.857960 7f7fabd20700 Options.compaction_options_fifo.allow_compaction: 0
2022/05/16-13:15:52.857971 7f7fabd20700                   Options.table_properties_collectors: 
2022/05/16-13:15:52.857974 7f7fabd20700                   Options.inplace_update_support: 0
2022/05/16-13:15:52.858273 7f7fabd20700                 Options.inplace_update_num_locks: 10000
2022/05/16-13:15:52.858282 7f7fabd20700               Options.memtable_prefix_bloom_size_ratio: 0.000000
2022/05/16-13:15:52.858286 7f7fabd20700               Options.memtable_whole_key_filtering: 0
2022/05/16-13:15:52.858289 7f7fabd20700   Options.memtable_huge_page_size: 0
2022/05/16-13:15:52.858292 7f7fabd20700                           Options.bloom_locality: 0
2022/05/16-13:15:52.858805 7f7fabd20700                    Options.max_successive_merges: 0
2022/05/16-13:15:52.858812 7f7fabd20700                Options.optimize_filters_for_hits: 0
2022/05/16-13:15:52.858815 7f7fabd20700                Options.paranoid_file_checks: 0
2022/05/16-13:15:52.858818 7f7fabd20700                Options.force_consistency_checks: 0
2022/05/16-13:15:52.858820 7f7fabd20700                Options.report_bg_io_stats: 0
2022/05/16-13:15:52.858839 7f7fabd20700                               Options.ttl: 2592000
2022/05/16-13:15:52.859313 7f7fabd20700          Options.periodic_compaction_seconds: 0
2022/05/16-13:15:52.878121 7f7fabd20700 [/version_set.cc:3304] More existing levels in DB than needed. max_bytes_for_level_multiplier may not be guaranteed.
2022/05/16-13:15:52.878150 7f7fabd20700 [/version_set.cc:4634] Recovered from manifest file:data/standalone/bookkeeper0/current/locations/MANIFEST-000027 succeeded,manifest_file_number is 27, next_file_number is 29, last_sequence is 17644, log_number is 22,prev_log_number is 0,max_column_family is 0,min_log_number_to_keep is 0
2022/05/16-13:15:52.878518 7f7fabd20700 [/version_set.cc:4643] Column family [default] (ID 0), log number is 22
2022/05/16-13:15:52.888708 7f7fabd20700 EVENT_LOG_v1 {"time_micros": 1652706952888694, "job": 1, "event": "recovery_started", "log_files": [28]}
2022/05/16-13:15:52.888731 7f7fabd20700 [/db_impl/db_impl_open.cc:774] Recovering log #28 mode 2
2022/05/16-13:15:52.929040 7f7fabd20700 EVENT_LOG_v1 {"time_micros": 1652706952928977, "cf_name": "default", "job": 1, "event": "table_file_creation", "file_number": 29, "file_size": 1004, "table_properties": {"data_size": 94, "index_size": 42, "index_partitions": 0, "top_level_index_size": 0, "index_key_is_user_key": 0, "index_value_is_delta_encoded": 0, "filter_size": 69, "raw_key_size": 144, "raw_average_key_size": 24, "raw_value_size": 48, "raw_average_value_size": 8, "num_data_blocks": 1, "num_entries": 6, "num_deletions": 0, "num_merge_operands": 0, "num_range_deletions": 0, "format_version": 0, "fixed_key_len": 0, "filter_policy": "rocksdb.BuiltinBloomFilter", "column_family_name": "default", "column_family_id": 0, "comparator": "leveldb.BytewiseComparator", "merge_operator": "nullptr", "prefix_extractor_name": "nullptr", "property_collectors": "[]", "compression": "LZ4", "compression_options": "window_bits=-14; level=32767; strategy=0; max_dict_bytes=0; zstd_max_train_bytes=0; enabled=0; ", "creation_time": 1652706952, "oldest_key_time": 3, "file_creation_time": 0}}
2022/05/16-13:15:52.930032 7f7fabd20700 [/version_set.cc:3882] Creating manifest 30
2022/05/16-13:15:52.934365 7f7fabd20700 [/version_set.cc:3304] More existing levels in DB than needed. max_bytes_for_level_multiplier may not be guaranteed.
2022/05/16-13:15:52.968254 7f7fabd20700 EVENT_LOG_v1 {"time_micros": 1652706952968245, "job": 1, "event": "recovery_finished"}
2022/05/16-13:15:53.008638 7f7fabd20700 DB pointer 0x7f7fa5bdfb80
2022/05/16-13:15:53.009391 7f7e6fe21700 [/db_impl/db_impl.cc:854] ------- DUMPING STATS -------
2022/05/16-13:15:53.009438 7f7e6fe21700 [/db_impl/db_impl.cc:855] 
** DB Stats **
Uptime(secs): 0.2 total, 0.2 interval
Cumulative writes: 0 writes, 0 keys, 0 commit groups, 0.0 writes per commit group, ingest: 0.00 GB, 0.00 MB/s
Cumulative WAL: 0 writes, 0 syncs, 0.00 writes per sync, written: 0.00 GB, 0.00 MB/s
Cumulative stall: 00:00:0.000 H:M:S, 0.0 percent
Interval writes: 0 writes, 0 keys, 0 commit groups, 0.0 writes per commit group, ingest: 0.00 MB, 0.00 MB/s
Interval WAL: 0 writes, 0 syncs, 0.00 writes per sync, written: 0.00 MB, 0.00 MB/s
Interval stall: 00:00:0.000 H:M:S, 0.0 percent

** Compaction Stats [default] **
Level    Files   Size     Score Read(GB)  Rn(GB) Rnp1(GB) Write(GB) Wnew(GB) Moved(GB) W-Amp Rd(MB/s) Wr(MB/s) Comp(sec) CompMergeCPU(sec) Comp(cnt) Avg(sec) KeyIn KeyDrop
----------------------------------------------------------------------------------------------------------------------------------------------------------------------------
  L0      2/0   69.98 KB   0.5      0.0     0.0      0.0       0.0      0.0       0.0   1.0      0.0      0.0      0.03              0.00         1    0.026       0      0
  L6      1/0   118.44 KB   0.0      0.0     0.0      0.0       0.0      0.0       0.0   0.0      0.0      0.0      0.00              0.00         0    0.000       0      0
 Sum      3/0   188.43 KB   0.0      0.0     0.0      0.0       0.0      0.0       0.0   1.0      0.0      0.0      0.03              0.00         1    0.026       0      0
 Int      0/0    0.00 KB   0.0      0.0     0.0      0.0       0.0      0.0       0.0   1.0      0.0      0.0      0.03              0.00         1    0.026       0      0

** Compaction Stats [default] **
Priority    Files   Size     Score Read(GB)  Rn(GB) Rnp1(GB) Write(GB) Wnew(GB) Moved(GB) W-Amp Rd(MB/s) Wr(MB/s) Comp(sec) CompMergeCPU(sec) Comp(cnt) Avg(sec) KeyIn KeyDrop
-------------------------------------------------------------------------------------------------------------------------------------------------------------------------------
User      0/0    0.00 KB   0.0      0.0     0.0      0.0       0.0      0.0       0.0   0.0      0.0      0.0      0.03              0.00         1    0.026       0      0
Uptime(secs): 0.2 total, 0.2 interval
Flush(GB): cumulative 0.000, interval 0.000
AddFile(GB): cumulative 0.000, interval 0.000
AddFile(Total Files): cumulative 0, interval 0
AddFile(L0 Files): cumulative 0, interval 0
AddFile(Keys): cumulative 0, interval 0
Cumulative compaction: 0.00 GB write, 0.01 MB/s write, 0.00 GB read, 0.00 MB/s read, 0.0 seconds
Interval compaction: 0.00 GB write, 0.01 MB/s write, 0.00 GB read, 0.00 MB/s read, 0.0 seconds
Stalls(count): 0 level0_slowdown, 0 level0_slowdown_with_compaction, 0 level0_numfiles, 0 level0_numfiles_with_compaction, 0 stop for pending_compaction_bytes, 0 slowdown for pending_compaction_bytes, 0 memtable_compaction, 0 memtable_slowdown, interval 0 total count

** File Read Latency Histogram By Level [default] **

** Compaction Stats [default] **
Level    Files   Size     Score Read(GB)  Rn(GB) Rnp1(GB) Write(GB) Wnew(GB) Moved(GB) W-Amp Rd(MB/s) Wr(MB/s) Comp(sec) CompMergeCPU(sec) Comp(cnt) Avg(sec) KeyIn KeyDrop
----------------------------------------------------------------------------------------------------------------------------------------------------------------------------
  L0      2/0   69.98 KB   0.5      0.0     0.0      0.0       0.0      0.0       0.0   1.0      0.0      0.0      0.03              0.00         1    0.026       0      0
  L6      1/0   118.44 KB   0.0      0.0     0.0      0.0       0.0      0.0       0.0   0.0      0.0      0.0      0.00              0.00         0    0.000       0      0
 Sum      3/0   188.43 KB   0.0      0.0     0.0      0.0       0.0      0.0       0.0   1.0      0.0      0.0      0.03              0.00         1    0.026       0      0
 Int      0/0    0.00 KB   0.0      0.0     0.0      0.0       0.0      0.0       0.0   0.0      0.0      0.0      0.00              0.00         0    0.000       0      0

** Compaction Stats [default] **
Priority    Files   Size     Score Read(GB)  Rn(GB) Rnp1(GB) Write(GB) Wnew(GB) Moved(GB) W-Amp Rd(MB/s) Wr(MB/s) Comp(sec) CompMergeCPU(sec) Comp(cnt) Avg(sec) KeyIn KeyDrop
-------------------------------------------------------------------------------------------------------------------------------------------------------------------------------
User      0/0    0.00 KB   0.0      0.0     0.0      0.0       0.0      0.0       0.0   0.0      0.0      0.0      0.03              0.00         1    0.026       0      0
Uptime(secs): 0.2 total, 0.0 interval
Flush(GB): cumulative 0.000, interval 0.000
AddFile(GB): cumulative 0.000, interval 0.000
AddFile(Total Files): cumulative 0, interval 0
AddFile(L0 Files): cumulative 0, interval 0
AddFile(Keys): cumulative 0, interval 0
Cumulative compaction: 0.00 GB write, 0.01 MB/s write, 0.00 GB read, 0.00 MB/s read, 0.0 seconds
Interval compaction: 0.00 GB write, 0.00 MB/s write, 0.00 GB read, 0.00 MB/s read, 0.0 seconds
Stalls(count): 0 level0_slowdown, 0 level0_slowdown_with_compaction, 0 level0_numfiles, 0 level0_numfiles_with_compaction, 0 stop for pending_compaction_bytes, 0 slowdown for pending_compaction_bytes, 0 memtable_compaction, 0 memtable_slowdown, interval 0 total count

** File Read Latency Histogram By Level [default] **
2022/05/16-13:25:53.010470 7f7e6fe21700 [/db_impl/db_impl.cc:854] ------- DUMPING STATS -------
2022/05/16-13:25:53.011239 7f7e6fe21700 [/db_impl/db_impl.cc:855] 
** DB Stats **
Uptime(secs): 600.2 total, 600.0 interval
Cumulative writes: 10 writes, 0 keys, 10 commit groups, 0.9 writes per commit group, ingest: 0.00 GB, 0.00 MB/s
Cumulative WAL: 10 writes, 10 syncs, 0.91 writes per sync, written: 0.00 GB, 0.00 MB/s
Cumulative stall: 00:00:0.000 H:M:S, 0.0 percent
Interval writes: 10 writes, 0 keys, 10 commit groups, 0.9 writes per commit group, ingest: 0.00 MB, 0.00 MB/s
Interval WAL: 10 writes, 10 syncs, 0.91 writes per sync, written: 0.00 MB, 0.00 MB/s
Interval stall: 00:00:0.000 H:M:S, 0.0 percent

** Compaction Stats [default] **
Level    Files   Size     Score Read(GB)  Rn(GB) Rnp1(GB) Write(GB) Wnew(GB) Moved(GB) W-Amp Rd(MB/s) Wr(MB/s) Comp(sec) CompMergeCPU(sec) Comp(cnt) Avg(sec) KeyIn KeyDrop
----------------------------------------------------------------------------------------------------------------------------------------------------------------------------
  L0      2/0   69.98 KB   0.5      0.0     0.0      0.0       0.0      0.0       0.0   1.0      0.0      0.0      0.03              0.00         1    0.026       0      0
  L6      1/0   118.44 KB   0.0      0.0     0.0      0.0       0.0      0.0       0.0   0.0      0.0      0.0      0.00              0.00         0    0.000       0      0
 Sum      3/0   188.43 KB   0.0      0.0     0.0      0.0       0.0      0.0       0.0   1.0      0.0      0.0      0.03              0.00         1    0.026       0      0
 Int      0/0    0.00 KB   0.0      0.0     0.0      0.0       0.0      0.0       0.0   0.0      0.0      0.0      0.00              0.00         0    0.000       0      0

** Compaction Stats [default] **
Priority    Files   Size     Score Read(GB)  Rn(GB) Rnp1(GB) Write(GB) Wnew(GB) Moved(GB) W-Amp Rd(MB/s) Wr(MB/s) Comp(sec) CompMergeCPU(sec) Comp(cnt) Avg(sec) KeyIn KeyDrop
-------------------------------------------------------------------------------------------------------------------------------------------------------------------------------
User      0/0    0.00 KB   0.0      0.0     0.0      0.0       0.0      0.0       0.0   0.0      0.0      0.0      0.03              0.00         1    0.026       0      0
Uptime(secs): 600.2 total, 600.0 interval
Flush(GB): cumulative 0.000, interval 0.000
AddFile(GB): cumulative 0.000, interval 0.000
AddFile(Total Files): cumulative 0, interval 0
AddFile(L0 Files): cumulative 0, interval 0
AddFile(Keys): cumulative 0, interval 0
Cumulative compaction: 0.00 GB write, 0.00 MB/s write, 0.00 GB read, 0.00 MB/s read, 0.0 seconds
Interval compaction: 0.00 GB write, 0.00 MB/s write, 0.00 GB read, 0.00 MB/s read, 0.0 seconds
Stalls(count): 0 level0_slowdown, 0 level0_slowdown_with_compaction, 0 level0_numfiles, 0 level0_numfiles_with_compaction, 0 stop for pending_compaction_bytes, 0 slowdown for pending_compaction_bytes, 0 memtable_compaction, 0 memtable_slowdown, interval 0 total count

** File Read Latency Histogram By Level [default] **

** Compaction Stats [default] **
Level    Files   Size     Score Read(GB)  Rn(GB) Rnp1(GB) Write(GB) Wnew(GB) Moved(GB) W-Amp Rd(MB/s) Wr(MB/s) Comp(sec) CompMergeCPU(sec) Comp(cnt) Avg(sec) KeyIn KeyDrop
----------------------------------------------------------------------------------------------------------------------------------------------------------------------------
  L0      2/0   69.98 KB   0.5      0.0     0.0      0.0       0.0      0.0       0.0   1.0      0.0      0.0      0.03              0.00         1    0.026       0      0
  L6      1/0   118.44 KB   0.0      0.0     0.0      0.0       0.0      0.0       0.0   0.0      0.0      0.0      0.00              0.00         0    0.000       0      0
 Sum      3/0   188.43 KB   0.0      0.0     0.0      0.0       0.0      0.0       0.0   1.0      0.0      0.0      0.03              0.00         1    0.026       0      0
 Int      0/0    0.00 KB   0.0      0.0     0.0      0.0       0.0      0.0       0.0   0.0      0.0      0.0      0.00              0.00         0    0.000       0      0

** Compaction Stats [default] **
Priority    Files   Size     Score Read(GB)  Rn(GB) Rnp1(GB) Write(GB) Wnew(GB) Moved(GB) W-Amp Rd(MB/s) Wr(MB/s) Comp(sec) CompMergeCPU(sec) Comp(cnt) Avg(sec) KeyIn KeyDrop
-------------------------------------------------------------------------------------------------------------------------------------------------------------------------------
User      0/0    0.00 KB   0.0      0.0     0.0      0.0       0.0      0.0       0.0   0.0      0.0      0.0      0.03              0.00         1    0.026       0      0
Uptime(secs): 600.2 total, 0.0 interval
Flush(GB): cumulative 0.000, interval 0.000
AddFile(GB): cumulative 0.000, interval 0.000
AddFile(Total Files): cumulative 0, interval 0
AddFile(L0 Files): cumulative 0, interval 0
AddFile(Keys): cumulative 0, interval 0
Cumulative compaction: 0.00 GB write, 0.00 MB/s write, 0.00 GB read, 0.00 MB/s read, 0.0 seconds
Interval compaction: 0.00 GB write, 0.00 MB/s write, 0.00 GB read, 0.00 MB/s read, 0.0 seconds
Stalls(count): 0 level0_slowdown, 0 level0_slowdown_with_compaction, 0 level0_numfiles, 0 level0_numfiles_with_compaction, 0 stop for pending_compaction_bytes, 0 slowdown for pending_compaction_bytes, 0 memtable_compaction, 0 memtable_slowdown, interval 0 total count

** File Read Latency Histogram By Level [default] **
2022/05/16-13:36:42.537127 7f7e6fe21700 [/db_impl/db_impl.cc:854] ------- DUMPING STATS -------
2022/05/16-13:36:42.593477 7f7e6fe21700 [/db_impl/db_impl.cc:855] 
** DB Stats **
Uptime(secs): 1240.9 total, 640.7 interval
Cumulative writes: 20 writes, 0 keys, 20 commit groups, 1.0 writes per commit group, ingest: 0.00 GB, 0.00 MB/s
Cumulative WAL: 20 writes, 20 syncs, 0.95 writes per sync, written: 0.00 GB, 0.00 MB/s
Cumulative stall: 00:00:0.000 H:M:S, 0.0 percent
Interval writes: 10 writes, 0 keys, 10 commit groups, 0.9 writes per commit group, ingest: 0.00 MB, 0.00 MB/s
Interval WAL: 10 writes, 10 syncs, 0.91 writes per sync, written: 0.00 MB, 0.00 MB/s
Interval stall: 00:00:0.000 H:M:S, 0.0 percent

** Compaction Stats [default] **
Level    Files   Size     Score Read(GB)  Rn(GB) Rnp1(GB) Write(GB) Wnew(GB) Moved(GB) W-Amp Rd(MB/s) Wr(MB/s) Comp(sec) CompMergeCPU(sec) Comp(cnt) Avg(sec) KeyIn KeyDrop
----------------------------------------------------------------------------------------------------------------------------------------------------------------------------
  L0      2/0   69.98 KB   0.5      0.0     0.0      0.0       0.0      0.0       0.0   1.0      0.0      0.0      0.03              0.00         1    0.026       0      0
  L6      1/0   118.44 KB   0.0      0.0     0.0      0.0       0.0      0.0       0.0   0.0      0.0      0.0      0.00              0.00         0    0.000       0      0
 Sum      3/0   188.43 KB   0.0      0.0     0.0      0.0       0.0      0.0       0.0   1.0      0.0      0.0      0.03              0.00         1    0.026       0      0
 Int      0/0    0.00 KB   0.0      0.0     0.0      0.0       0.0      0.0       0.0   0.0      0.0      0.0      0.00              0.00         0    0.000       0      0

** Compaction Stats [default] **
Priority    Files   Size     Score Read(GB)  Rn(GB) Rnp1(GB) Write(GB) Wnew(GB) Moved(GB) W-Amp Rd(MB/s) Wr(MB/s) Comp(sec) CompMergeCPU(sec) Comp(cnt) Avg(sec) KeyIn KeyDrop
-------------------------------------------------------------------------------------------------------------------------------------------------------------------------------
User      0/0    0.00 KB   0.0      0.0     0.0      0.0       0.0      0.0       0.0   0.0      0.0      0.0      0.03              0.00         1    0.026       0      0
Uptime(secs): 1249.7 total, 649.5 interval
Flush(GB): cumulative 0.000, interval 0.000
AddFile(GB): cumulative 0.000, interval 0.000
AddFile(Total Files): cumulative 0, interval 0
AddFile(L0 Files): cumulative 0, interval 0
AddFile(Keys): cumulative 0, interval 0
Cumulative compaction: 0.00 GB write, 0.00 MB/s write, 0.00 GB read, 0.00 MB/s read, 0.0 seconds
Interval compaction: 0.00 GB write, 0.00 MB/s write, 0.00 GB read, 0.00 MB/s read, 0.0 seconds
Stalls(count): 0 level0_slowdown, 0 level0_slowdown_with_compaction, 0 level0_numfiles, 0 level0_numfiles_with_compaction, 0 stop for pending_compaction_bytes, 0 slowdown for pending_compaction_bytes, 0 memtable_compaction, 0 memtable_slowdown, interval 0 total count

** File Read Latency Histogram By Level [default] **

** Compaction Stats [default] **
Level    Files   Size     Score Read(GB)  Rn(GB) Rnp1(GB) Write(GB) Wnew(GB) Moved(GB) W-Amp Rd(MB/s) Wr(MB/s) Comp(sec) CompMergeCPU(sec) Comp(cnt) Avg(sec) KeyIn KeyDrop
----------------------------------------------------------------------------------------------------------------------------------------------------------------------------
  L0      2/0   69.98 KB   0.5      0.0     0.0      0.0       0.0      0.0       0.0   1.0      0.0      0.0      0.03              0.00         1    0.026       0      0
  L6      1/0   118.44 KB   0.0      0.0     0.0      0.0       0.0      0.0       0.0   0.0      0.0      0.0      0.00              0.00         0    0.000       0      0
 Sum      3/0   188.43 KB   0.0      0.0     0.0      0.0       0.0      0.0       0.0   1.0      0.0      0.0      0.03              0.00         1    0.026       0      0
 Int      0/0    0.00 KB   0.0      0.0     0.0      0.0       0.0      0.0       0.0   0.0      0.0      0.0      0.00              0.00         0    0.000       0      0

** Compaction Stats [default] **
Priority    Files   Size     Score Read(GB)  Rn(GB) Rnp1(GB) Write(GB) Wnew(GB) Moved(GB) W-Amp Rd(MB/s) Wr(MB/s) Comp(sec) CompMergeCPU(sec) Comp(cnt) Avg(sec) KeyIn KeyDrop
-------------------------------------------------------------------------------------------------------------------------------------------------------------------------------
User      0/0    0.00 KB   0.0      0.0     0.0      0.0       0.0      0.0       0.0   0.0      0.0      0.0      0.03              0.00         1    0.026       0      0
Uptime(secs): 1249.7 total, 0.0 interval
Flush(GB): cumulative 0.000, interval 0.000
AddFile(GB): cumulative 0.000, interval 0.000
AddFile(Total Files): cumulative 0, interval 0
AddFile(L0 Files): cumulative 0, interval 0
AddFile(Keys): cumulative 0, interval 0
Cumulative compaction: 0.00 GB write, 0.00 MB/s write, 0.00 GB read, 0.00 MB/s read, 0.0 seconds
Interval compaction: 0.00 GB write, 0.00 MB/s write, 0.00 GB read, 0.00 MB/s read, 0.0 seconds
Stalls(count): 0 level0_slowdown, 0 level0_slowdown_with_compaction, 0 level0_numfiles, 0 level0_numfiles_with_compaction, 0 stop for pending_compaction_bytes, 0 slowdown for pending_compaction_bytes, 0 memtable_compaction, 0 memtable_slowdown, interval 0 total count

** File Read Latency Histogram By Level [default] **
