2022/05/16-13:15:52.602591 7f7fabd20700 RocksDB version: 6.10.2
2022/05/16-13:15:52.603861 7f7fabd20700 Git sha rocksdb_build_git_sha:
2022/05/16-13:15:52.603874 7f7fabd20700 Compile date Jun 28 2020
2022/05/16-13:15:52.603887 7f7fabd20700 DB SUMMARY
2022/05/16-13:15:52.606947 7f7fabd20700 CURRENT file:  CURRENT
2022/05/16-13:15:52.606959 7f7fabd20700 IDENTITY file:  IDENTITY
2022/05/16-13:15:52.609233 7f7fabd20700 MANIFEST file:  MANIFEST-000030 size: 189 Bytes
2022/05/16-13:15:52.609254 7f7fabd20700 SST files in data/standalone/bookkeeper0/current/ledgers dir, Total Num: 2, files: 000027.sst 000029.sst 
2022/05/16-13:15:52.609959 7f7fabd20700 Write Ahead Log file in data/standalone/bookkeeper0/current/ledgers: 000031.log size: 94 ; 
2022/05/16-13:15:52.609979 7f7fabd20700                         Options.error_if_exists: 0
2022/05/16-13:15:52.609983 7f7fabd20700                       Options.create_if_missing: 1
2022/05/16-13:15:52.609986 7f7fabd20700                         Options.paranoid_checks: 1
2022/05/16-13:15:52.609989 7f7fabd20700                                     Options.env: 0x7f7e8bff7f20
2022/05/16-13:15:52.610429 7f7fabd20700                                      Options.fs: Posix File System
2022/05/16-13:15:52.610436 7f7fabd20700                                Options.info_log: 0x7f7fa5b8f510
2022/05/16-13:15:52.610440 7f7fabd20700                Options.max_file_opening_threads: 16
2022/05/16-13:15:52.610444 7f7fabd20700                              Options.statistics: (nil)
2022/05/16-13:15:52.610448 7f7fabd20700                               Options.use_fsync: 0
2022/05/16-13:15:52.610675 7f7fabd20700                       Options.max_log_file_size: 0
2022/05/16-13:15:52.610681 7f7fabd20700                  Options.max_manifest_file_size: 1073741824
2022/05/16-13:15:52.610685 7f7fabd20700                   Options.log_file_time_to_roll: 86400
2022/05/16-13:15:52.610689 7f7fabd20700                       Options.keep_log_file_num: 30
2022/05/16-13:15:52.610693 7f7fabd20700                    Options.recycle_log_file_num: 0
2022/05/16-13:15:52.610696 7f7fabd20700                         Options.allow_fallocate: 1
2022/05/16-13:15:52.610914 7f7fabd20700                        Options.allow_mmap_reads: 0
2022/05/16-13:15:52.610917 7f7fabd20700                       Options.allow_mmap_writes: 0
2022/05/16-13:15:52.610918 7f7fabd20700                        Options.use_direct_reads: 0
2022/05/16-13:15:52.610920 7f7fabd20700                        Options.use_direct_io_for_flush_and_compaction: 0
2022/05/16-13:15:52.610921 7f7fabd20700          Options.create_missing_column_families: 0
2022/05/16-13:15:52.611118 7f7fabd20700                              Options.db_log_dir: 
2022/05/16-13:15:52.611124 7f7fabd20700                                 Options.wal_dir: data/standalone/bookkeeper0/current/ledgers
2022/05/16-13:15:52.611128 7f7fabd20700                Options.table_cache_numshardbits: 6
2022/05/16-13:15:52.611131 7f7fabd20700                      Options.max_subcompactions: 1
2022/05/16-13:15:52.611135 7f7fabd20700                         Options.WAL_ttl_seconds: 0
2022/05/16-13:15:52.611462 7f7fabd20700                       Options.WAL_size_limit_MB: 0
2022/05/16-13:15:52.611468 7f7fabd20700                        Options.max_write_batch_group_size_bytes: 1048576
2022/05/16-13:15:52.611470 7f7fabd20700             Options.manifest_preallocation_size: 4194304
2022/05/16-13:15:52.611472 7f7fabd20700                     Options.is_fd_close_on_exec: 1
2022/05/16-13:15:52.611473 7f7fabd20700                   Options.advise_random_on_open: 1
2022/05/16-13:15:52.611475 7f7fabd20700                    Options.db_write_buffer_size: 0
2022/05/16-13:15:52.611671 7f7fabd20700                    Options.write_buffer_manager: 0x7f7fa53138f0
2022/05/16-13:15:52.611676 7f7fabd20700         Options.access_hint_on_compaction_start: 1
2022/05/16-13:15:52.611681 7f7fabd20700  Options.new_table_reader_for_compaction_inputs: 0
2022/05/16-13:15:52.611684 7f7fabd20700           Options.random_access_max_buffer_size: 1048576
2022/05/16-13:15:52.611688 7f7fabd20700                      Options.use_adaptive_mutex: 0
2022/05/16-13:15:52.612021 7f7fabd20700                            Options.rate_limiter: (nil)
2022/05/16-13:15:52.612052 7f7fabd20700     Options.sst_file_manager.rate_bytes_per_sec: 0
2022/05/16-13:15:52.612055 7f7fabd20700                       Options.wal_recovery_mode: 2
2022/05/16-13:15:52.612056 7f7fabd20700                  Options.enable_thread_tracking: 0
2022/05/16-13:15:52.612058 7f7fabd20700                  Options.enable_pipelined_write: 0
2022/05/16-13:15:52.612059 7f7fabd20700                  Options.unordered_write: 0
2022/05/16-13:15:52.612259 7f7fabd20700         Options.allow_concurrent_memtable_write: 1
2022/05/16-13:15:52.612265 7f7fabd20700      Options.enable_write_thread_adaptive_yield: 1
2022/05/16-13:15:52.612269 7f7fabd20700             Options.write_thread_max_yield_usec: 100
2022/05/16-13:15:52.612272 7f7fabd20700            Options.write_thread_slow_yield_usec: 3
2022/05/16-13:15:52.612276 7f7fabd20700                               Options.row_cache: None
2022/05/16-13:15:52.612490 7f7fabd20700                              Options.wal_filter: None
2022/05/16-13:15:52.612493 7f7fabd20700             Options.avoid_flush_during_recovery: 0
2022/05/16-13:15:52.612495 7f7fabd20700             Options.allow_ingest_behind: 0
2022/05/16-13:15:52.612497 7f7fabd20700             Options.preserve_deletes: 0
2022/05/16-13:15:52.612498 7f7fabd20700             Options.two_write_queues: 0
2022/05/16-13:15:52.612499 7f7fabd20700             Options.manual_wal_flush: 0
2022/05/16-13:15:52.612691 7f7fabd20700             Options.atomic_flush: 0
2022/05/16-13:15:52.612697 7f7fabd20700             Options.avoid_unnecessary_blocking_io: 0
2022/05/16-13:15:52.612701 7f7fabd20700                 Options.persist_stats_to_disk: 0
2022/05/16-13:15:52.612705 7f7fabd20700                 Options.write_dbid_to_manifest: 0
2022/05/16-13:15:52.612709 7f7fabd20700                 Options.log_readahead_size: 0
2022/05/16-13:15:52.612713 7f7fabd20700                 Options.file_checksum_gen_factory: Unknown
2022/05/16-13:15:52.612927 7f7fabd20700                 Options.best_efforts_recovery: 0
2022/05/16-13:15:52.612933 7f7fabd20700             Options.max_background_jobs: 2
2022/05/16-13:15:52.612935 7f7fabd20700             Options.max_background_compactions: -1
2022/05/16-13:15:52.612936 7f7fabd20700             Options.avoid_flush_during_shutdown: 0
2022/05/16-13:15:52.612938 7f7fabd20700           Options.writable_file_max_buffer_size: 1048576
2022/05/16-13:15:52.612940 7f7fabd20700             Options.delayed_write_rate : 16777216
2022/05/16-13:15:52.613311 7f7fabd20700             Options.max_total_wal_size: 0
2022/05/16-13:15:52.613316 7f7fabd20700             Options.delete_obsolete_files_period_micros: 21600000000
2022/05/16-13:15:52.613319 7f7fabd20700                   Options.stats_dump_period_sec: 600
2022/05/16-13:15:52.613321 7f7fabd20700                 Options.stats_persist_period_sec: 600
2022/05/16-13:15:52.613324 7f7fabd20700                 Options.stats_history_buffer_size: 1048576
2022/05/16-13:15:52.613666 7f7fabd20700                          Options.max_open_files: -1
2022/05/16-13:15:52.613671 7f7fabd20700                          Options.bytes_per_sync: 0
2022/05/16-13:15:52.613674 7f7fabd20700                      Options.wal_bytes_per_sync: 0
2022/05/16-13:15:52.613677 7f7fabd20700                   Options.strict_bytes_per_sync: 0
2022/05/16-13:15:52.613680 7f7fabd20700       Options.compaction_readahead_size: 0
2022/05/16-13:15:52.613683 7f7fabd20700                  Options.max_background_flushes: -1
2022/05/16-13:15:52.614003 7f7fabd20700 Compression algorithms supported:
2022/05/16-13:15:52.614010 7f7fabd20700 	kZSTDNotFinalCompression supported: 1
2022/05/16-13:15:52.614055 7f7fabd20700 	kZSTD supported: 1
2022/05/16-13:15:52.614060 7f7fabd20700 	kXpressCompression supported: 0
2022/05/16-13:15:52.614063 7f7fabd20700 	kLZ4HCCompression supported: 1
2022/05/16-13:15:52.614066 7f7fabd20700 	kLZ4Compression supported: 1
2022/05/16-13:15:52.614069 7f7fabd20700 	kBZip2Compression supported: 1
2022/05/16-13:15:52.614293 7f7fabd20700 	kZlibCompression supported: 1
2022/05/16-13:15:52.614298 7f7fabd20700 	kSnappyCompression supported: 1
2022/05/16-13:15:52.614311 7f7fabd20700 Fast CRC32 supported: Not supported on x86
2022/05/16-13:15:52.624565 7f7fabd20700 [/version_set.cc:4477] Recovering from manifest file: data/standalone/bookkeeper0/current/ledgers/MANIFEST-000030
2022/05/16-13:15:52.627845 7f7fabd20700 [/column_family.cc:579] --------------- Options for column family [default]:
2022/05/16-13:15:52.628157 7f7fabd20700               Options.comparator: leveldb.BytewiseComparator
2022/05/16-13:15:52.628225 7f7fabd20700           Options.merge_operator: None
2022/05/16-13:15:52.628229 7f7fabd20700        Options.compaction_filter: None
2022/05/16-13:15:52.628232 7f7fabd20700        Options.compaction_filter_factory: None
2022/05/16-13:15:52.628235 7f7fabd20700         Options.memtable_factory: SkipListFactory
2022/05/16-13:15:52.628238 7f7fabd20700            Options.table_factory: BlockBasedTable
2022/05/16-13:15:52.628645 7f7fabd20700            table_factory options:   flush_block_policy_factory: FlushBlockBySizePolicyFactory (0x7f7fa5b8d5d0)
  cache_index_and_filter_blocks: 0
  cache_index_and_filter_blocks_with_high_priority: 1
  pin_l0_filter_and_index_blocks_in_cache: 0
  pin_top_level_index_and_filter: 1
  index_type: 0
  data_block_index_type: 0
  index_shortening: 1
  data_block_hash_table_util_ratio: 0.750000
  hash_index_allow_collision: 1
  checksum: 1
  no_block_cache: 0
  block_cache: 0x7f7fa5b8d610
  block_cache_name: LRUCache
  block_cache_options:
    capacity : 8388608
    num_shard_bits : 4
    strict_capacity_limit : 0
    memory_allocator : None
    high_pri_pool_ratio: 0.000
  block_cache_compressed: (nil)
  persistent_cache: (nil)
  block_size: 4096
  block_size_deviation: 10
  block_restart_interval: 16
  index_block_restart_interval: 1
  metadata_block_size: 4096
  partition_filters: 0
  use_delta_encoding: 1
  filter_policy: nullptr
  whole_key_filtering: 1
  verify_compression: 0
  read_amp_bytes_per_bit: 0
  format_version: 4
  enable_index_compression: 1
  block_align: 0
2022/05/16-13:15:52.629352 7f7fabd20700        Options.write_buffer_size: 67108864
2022/05/16-13:15:52.629357 7f7fabd20700  Options.max_write_buffer_number: 2
2022/05/16-13:15:52.629361 7f7fabd20700          Options.compression: Snappy
2022/05/16-13:15:52.629364 7f7fabd20700                  Options.bottommost_compression: Disabled
2022/05/16-13:15:52.629367 7f7fabd20700       Options.prefix_extractor: nullptr
2022/05/16-13:15:52.629582 7f7fabd20700   Options.memtable_insert_with_hint_prefix_extractor: nullptr
2022/05/16-13:15:52.629587 7f7fabd20700             Options.num_levels: 7
2022/05/16-13:15:52.629590 7f7fabd20700        Options.min_write_buffer_number_to_merge: 1
2022/05/16-13:15:52.629593 7f7fabd20700     Options.max_write_buffer_number_to_maintain: 0
2022/05/16-13:15:52.629596 7f7fabd20700     Options.max_write_buffer_size_to_maintain: 0
2022/05/16-13:15:52.629599 7f7fabd20700            Options.bottommost_compression_opts.window_bits: -14
2022/05/16-13:15:52.629808 7f7fabd20700                  Options.bottommost_compression_opts.level: 32767
2022/05/16-13:15:52.629812 7f7fabd20700               Options.bottommost_compression_opts.strategy: 0
2022/05/16-13:15:52.629816 7f7fabd20700         Options.bottommost_compression_opts.max_dict_bytes: 0
2022/05/16-13:15:52.629819 7f7fabd20700         Options.bottommost_compression_opts.zstd_max_train_bytes: 0
2022/05/16-13:15:52.629822 7f7fabd20700         Options.bottommost_compression_opts.parallel_threads: 1
2022/05/16-13:15:52.630030 7f7fabd20700                  Options.bottommost_compression_opts.enabled: false
2022/05/16-13:15:52.630055 7f7fabd20700            Options.compression_opts.window_bits: -14
2022/05/16-13:15:52.630059 7f7fabd20700                  Options.compression_opts.level: 32767
2022/05/16-13:15:52.630062 7f7fabd20700               Options.compression_opts.strategy: 0
2022/05/16-13:15:52.630065 7f7fabd20700         Options.compression_opts.max_dict_bytes: 0
2022/05/16-13:15:52.630313 7f7fabd20700         Options.compression_opts.zstd_max_train_bytes: 0
2022/05/16-13:15:52.630318 7f7fabd20700         Options.compression_opts.parallel_threads: 1
2022/05/16-13:15:52.630321 7f7fabd20700                  Options.compression_opts.enabled: false
2022/05/16-13:15:52.630325 7f7fabd20700      Options.level0_file_num_compaction_trigger: 4
2022/05/16-13:15:52.630327 7f7fabd20700          Options.level0_slowdown_writes_trigger: 20
2022/05/16-13:15:52.630549 7f7fabd20700              Options.level0_stop_writes_trigger: 36
2022/05/16-13:15:52.630553 7f7fabd20700                   Options.target_file_size_base: 67108864
2022/05/16-13:15:52.630556 7f7fabd20700             Options.target_file_size_multiplier: 1
2022/05/16-13:15:52.630559 7f7fabd20700                Options.max_bytes_for_level_base: 268435456
2022/05/16-13:15:52.630562 7f7fabd20700 Options.level_compaction_dynamic_level_bytes: 0
2022/05/16-13:15:52.630569 7f7fabd20700          Options.max_bytes_for_level_multiplier: 10.000000
2022/05/16-13:15:52.630899 7f7fabd20700 Options.max_bytes_for_level_multiplier_addtl[0]: 1
2022/05/16-13:15:52.630904 7f7fabd20700 Options.max_bytes_for_level_multiplier_addtl[1]: 1
2022/05/16-13:15:52.630906 7f7fabd20700 Options.max_bytes_for_level_multiplier_addtl[2]: 1
2022/05/16-13:15:52.630910 7f7fabd20700 Options.max_bytes_for_level_multiplier_addtl[3]: 1
2022/05/16-13:15:52.630912 7f7fabd20700 Options.max_bytes_for_level_multiplier_addtl[4]: 1
2022/05/16-13:15:52.631135 7f7fabd20700 Options.max_bytes_for_level_multiplier_addtl[5]: 1
2022/05/16-13:15:52.631140 7f7fabd20700 Options.max_bytes_for_level_multiplier_addtl[6]: 1
2022/05/16-13:15:52.631143 7f7fabd20700       Options.max_sequential_skip_in_iterations: 8
2022/05/16-13:15:52.631146 7f7fabd20700                    Options.max_compaction_bytes: 1677721600
2022/05/16-13:15:52.631149 7f7fabd20700                        Options.arena_block_size: 8388608
2022/05/16-13:15:52.631152 7f7fabd20700   Options.soft_pending_compaction_bytes_limit: 68719476736
2022/05/16-13:15:52.631388 7f7fabd20700   Options.hard_pending_compaction_bytes_limit: 274877906944
2022/05/16-13:15:52.631393 7f7fabd20700       Options.rate_limit_delay_max_milliseconds: 100
2022/05/16-13:15:52.631396 7f7fabd20700                Options.disable_auto_compactions: 0
2022/05/16-13:15:52.631400 7f7fabd20700                        Options.compaction_style: kCompactionStyleLevel
2022/05/16-13:15:52.631404 7f7fabd20700                          Options.compaction_pri: kMinOverlappingRatio
2022/05/16-13:15:52.631675 7f7fabd20700 Options.compaction_options_universal.size_ratio: 1
2022/05/16-13:15:52.631680 7f7fabd20700 Options.compaction_options_universal.min_merge_width: 2
2022/05/16-13:15:52.631684 7f7fabd20700 Options.compaction_options_universal.max_merge_width: 4294967295
2022/05/16-13:15:52.631688 7f7fabd20700 Options.compaction_options_universal.max_size_amplification_percent: 200
2022/05/16-13:15:52.631692 7f7fabd20700 Options.compaction_options_universal.compression_size_percent: -1
2022/05/16-13:15:52.631928 7f7fabd20700 Options.compaction_options_universal.stop_style: kCompactionStopStyleTotalSize
2022/05/16-13:15:52.631933 7f7fabd20700 Options.compaction_options_fifo.max_table_files_size: 1073741824
2022/05/16-13:15:52.631953 7f7fabd20700 Options.compaction_options_fifo.allow_compaction: 0
2022/05/16-13:15:52.631967 7f7fabd20700                   Options.table_properties_collectors: 
2022/05/16-13:15:52.632058 7f7fabd20700                   Options.inplace_update_support: 0
2022/05/16-13:15:52.632407 7f7fabd20700                 Options.inplace_update_num_locks: 10000
2022/05/16-13:15:52.632418 7f7fabd20700               Options.memtable_prefix_bloom_size_ratio: 0.000000
2022/05/16-13:15:52.632422 7f7fabd20700               Options.memtable_whole_key_filtering: 0
2022/05/16-13:15:52.632426 7f7fabd20700   Options.memtable_huge_page_size: 0
2022/05/16-13:15:52.632429 7f7fabd20700                           Options.bloom_locality: 0
2022/05/16-13:15:52.632814 7f7fabd20700                    Options.max_successive_merges: 0
2022/05/16-13:15:52.632819 7f7fabd20700                Options.optimize_filters_for_hits: 0
2022/05/16-13:15:52.632822 7f7fabd20700                Options.paranoid_file_checks: 0
2022/05/16-13:15:52.632826 7f7fabd20700                Options.force_consistency_checks: 0
2022/05/16-13:15:52.632828 7f7fabd20700                Options.report_bg_io_stats: 0
2022/05/16-13:15:52.632831 7f7fabd20700                               Options.ttl: 2592000
2022/05/16-13:15:52.633069 7f7fabd20700          Options.periodic_compaction_seconds: 0
2022/05/16-13:15:52.643979 7f7fabd20700 [/version_set.cc:4634] Recovered from manifest file:data/standalone/bookkeeper0/current/ledgers/MANIFEST-000030 succeeded,manifest_file_number is 30, next_file_number is 32, last_sequence is 67, log_number is 26,prev_log_number is 0,max_column_family is 0,min_log_number_to_keep is 0
2022/05/16-13:15:52.643991 7f7fabd20700 [/version_set.cc:4643] Column family [default] (ID 0), log number is 26
2022/05/16-13:15:52.651702 7f7fabd20700 EVENT_LOG_v1 {"time_micros": 1652706952651684, "job": 1, "event": "recovery_started", "log_files": [31]}
2022/05/16-13:15:52.651719 7f7fabd20700 [/db_impl/db_impl_open.cc:774] Recovering log #31 mode 2
2022/05/16-13:15:52.702171 7f7fabd20700 EVENT_LOG_v1 {"time_micros": 1652706952702109, "cf_name": "default", "job": 1, "event": "table_file_creation", "file_number": 32, "file_size": 804, "table_properties": {"data_size": 58, "index_size": 25, "index_partitions": 0, "top_level_index_size": 0, "index_key_is_user_key": 1, "index_value_is_delta_encoded": 1, "filter_size": 0, "raw_key_size": 16, "raw_average_key_size": 16, "raw_value_size": 26, "raw_average_value_size": 26, "num_data_blocks": 1, "num_entries": 1, "num_deletions": 0, "num_merge_operands": 0, "num_range_deletions": 0, "format_version": 0, "fixed_key_len": 0, "filter_policy": "", "column_family_name": "default", "column_family_id": 0, "comparator": "leveldb.BytewiseComparator", "merge_operator": "nullptr", "prefix_extractor_name": "nullptr", "property_collectors": "[]", "compression": "Snappy", "compression_options": "window_bits=-14; level=32767; strategy=0; max_dict_bytes=0; zstd_max_train_bytes=0; enabled=0; ", "creation_time": 1652706952, "oldest_key_time": 3, "file_creation_time": 0}}
2022/05/16-13:15:52.703575 7f7fabd20700 [/version_set.cc:3882] Creating manifest 33
2022/05/16-13:15:52.728250 7f7fabd20700 EVENT_LOG_v1 {"time_micros": 1652706952728240, "job": 1, "event": "recovery_finished"}
2022/05/16-13:15:52.761760 7f7fabd20700 DB pointer 0x7f7fa5b90860
2022/05/16-13:15:52.762573 7f7e83e49700 [/db_impl/db_impl.cc:854] ------- DUMPING STATS -------
2022/05/16-13:15:52.762618 7f7e83e49700 [/db_impl/db_impl.cc:855] 
** DB Stats **
Uptime(secs): 0.1 total, 0.1 interval
Cumulative writes: 0 writes, 0 keys, 0 commit groups, 0.0 writes per commit group, ingest: 0.00 GB, 0.00 MB/s
Cumulative WAL: 0 writes, 0 syncs, 0.00 writes per sync, written: 0.00 GB, 0.00 MB/s
Cumulative stall: 00:00:0.000 H:M:S, 0.0 percent
Interval writes: 0 writes, 0 keys, 0 commit groups, 0.0 writes per commit group, ingest: 0.00 MB, 0.00 MB/s
Interval WAL: 0 writes, 0 syncs, 0.00 writes per sync, written: 0.00 MB, 0.00 MB/s
Interval stall: 00:00:0.000 H:M:S, 0.0 percent

** Compaction Stats [default] **
Level    Files   Size     Score Read(GB)  Rn(GB) Rnp1(GB) Write(GB) Wnew(GB) Moved(GB) W-Amp Rd(MB/s) Wr(MB/s) Comp(sec) CompMergeCPU(sec) Comp(cnt) Avg(sec) KeyIn KeyDrop
----------------------------------------------------------------------------------------------------------------------------------------------------------------------------
  L0      2/0    1.57 KB   0.5      0.0     0.0      0.0       0.0      0.0       0.0   1.0      0.0      0.0      0.03              0.00         1    0.035       0      0
  L1      1/0    0.88 KB   0.0      0.0     0.0      0.0       0.0      0.0       0.0   0.0      0.0      0.0      0.00              0.00         0    0.000       0      0
 Sum      3/0    2.45 KB   0.0      0.0     0.0      0.0       0.0      0.0       0.0   1.0      0.0      0.0      0.03              0.00         1    0.035       0      0
 Int      0/0    0.00 KB   0.0      0.0     0.0      0.0       0.0      0.0       0.0   1.0      0.0      0.0      0.03              0.00         1    0.035       0      0

** Compaction Stats [default] **
Priority    Files   Size     Score Read(GB)  Rn(GB) Rnp1(GB) Write(GB) Wnew(GB) Moved(GB) W-Amp Rd(MB/s) Wr(MB/s) Comp(sec) CompMergeCPU(sec) Comp(cnt) Avg(sec) KeyIn KeyDrop
-------------------------------------------------------------------------------------------------------------------------------------------------------------------------------
User      0/0    0.00 KB   0.0      0.0     0.0      0.0       0.0      0.0       0.0   0.0      0.0      0.0      0.03              0.00         1    0.035       0      0
Uptime(secs): 0.1 total, 0.1 interval
Flush(GB): cumulative 0.000, interval 0.000
AddFile(GB): cumulative 0.000, interval 0.000
AddFile(Total Files): cumulative 0, interval 0
AddFile(L0 Files): cumulative 0, interval 0
AddFile(Keys): cumulative 0, interval 0
Cumulative compaction: 0.00 GB write, 0.01 MB/s write, 0.00 GB read, 0.00 MB/s read, 0.0 seconds
Interval compaction: 0.00 GB write, 0.01 MB/s write, 0.00 GB read, 0.00 MB/s read, 0.0 seconds
Stalls(count): 0 level0_slowdown, 0 level0_slowdown_with_compaction, 0 level0_numfiles, 0 level0_numfiles_with_compaction, 0 stop for pending_compaction_bytes, 0 slowdown for pending_compaction_bytes, 0 memtable_compaction, 0 memtable_slowdown, interval 0 total count

** File Read Latency Histogram By Level [default] **

** Compaction Stats [default] **
Level    Files   Size     Score Read(GB)  Rn(GB) Rnp1(GB) Write(GB) Wnew(GB) Moved(GB) W-Amp Rd(MB/s) Wr(MB/s) Comp(sec) CompMergeCPU(sec) Comp(cnt) Avg(sec) KeyIn KeyDrop
----------------------------------------------------------------------------------------------------------------------------------------------------------------------------
  L0      2/0    1.57 KB   0.5      0.0     0.0      0.0       0.0      0.0       0.0   1.0      0.0      0.0      0.03              0.00         1    0.035       0      0
  L1      1/0    0.88 KB   0.0      0.0     0.0      0.0       0.0      0.0       0.0   0.0      0.0      0.0      0.00              0.00         0    0.000       0      0
 Sum      3/0    2.45 KB   0.0      0.0     0.0      0.0       0.0      0.0       0.0   1.0      0.0      0.0      0.03              0.00         1    0.035       0      0
 Int      0/0    0.00 KB   0.0      0.0     0.0      0.0       0.0      0.0       0.0   0.0      0.0      0.0      0.00              0.00         0    0.000       0      0

** Compaction Stats [default] **
Priority    Files   Size     Score Read(GB)  Rn(GB) Rnp1(GB) Write(GB) Wnew(GB) Moved(GB) W-Amp Rd(MB/s) Wr(MB/s) Comp(sec) CompMergeCPU(sec) Comp(cnt) Avg(sec) KeyIn KeyDrop
-------------------------------------------------------------------------------------------------------------------------------------------------------------------------------
User      0/0    0.00 KB   0.0      0.0     0.0      0.0       0.0      0.0       0.0   0.0      0.0      0.0      0.03              0.00         1    0.035       0      0
Uptime(secs): 0.1 total, 0.0 interval
Flush(GB): cumulative 0.000, interval 0.000
AddFile(GB): cumulative 0.000, interval 0.000
AddFile(Total Files): cumulative 0, interval 0
AddFile(L0 Files): cumulative 0, interval 0
AddFile(Keys): cumulative 0, interval 0
Cumulative compaction: 0.00 GB write, 0.01 MB/s write, 0.00 GB read, 0.00 MB/s read, 0.0 seconds
Interval compaction: 0.00 GB write, 0.00 MB/s write, 0.00 GB read, 0.00 MB/s read, 0.0 seconds
Stalls(count): 0 level0_slowdown, 0 level0_slowdown_with_compaction, 0 level0_numfiles, 0 level0_numfiles_with_compaction, 0 stop for pending_compaction_bytes, 0 slowdown for pending_compaction_bytes, 0 memtable_compaction, 0 memtable_slowdown, interval 0 total count

** File Read Latency Histogram By Level [default] **
2022/05/16-13:25:52.763490 7f7e83e49700 [/db_impl/db_impl.cc:854] ------- DUMPING STATS -------
2022/05/16-13:25:52.765190 7f7e83e49700 [/db_impl/db_impl.cc:855] 
** DB Stats **
Uptime(secs): 600.1 total, 600.0 interval
Cumulative writes: 20 writes, 0 keys, 20 commit groups, 1.0 writes per commit group, ingest: 0.00 GB, 0.00 MB/s
Cumulative WAL: 20 writes, 20 syncs, 0.95 writes per sync, written: 0.00 GB, 0.00 MB/s
Cumulative stall: 00:00:0.000 H:M:S, 0.0 percent
Interval writes: 20 writes, 0 keys, 20 commit groups, 1.0 writes per commit group, ingest: 0.00 MB, 0.00 MB/s
Interval WAL: 20 writes, 20 syncs, 0.95 writes per sync, written: 0.00 MB, 0.00 MB/s
Interval stall: 00:00:0.000 H:M:S, 0.0 percent

** Compaction Stats [default] **
Level    Files   Size     Score Read(GB)  Rn(GB) Rnp1(GB) Write(GB) Wnew(GB) Moved(GB) W-Amp Rd(MB/s) Wr(MB/s) Comp(sec) CompMergeCPU(sec) Comp(cnt) Avg(sec) KeyIn KeyDrop
----------------------------------------------------------------------------------------------------------------------------------------------------------------------------
  L0      2/0    1.57 KB   0.5      0.0     0.0      0.0       0.0      0.0       0.0   1.0      0.0      0.0      0.03              0.00         1    0.035       0      0
  L1      1/0    0.88 KB   0.0      0.0     0.0      0.0       0.0      0.0       0.0   0.0      0.0      0.0      0.00              0.00         0    0.000       0      0
 Sum      3/0    2.45 KB   0.0      0.0     0.0      0.0       0.0      0.0       0.0   1.0      0.0      0.0      0.03              0.00         1    0.035       0      0
 Int      0/0    0.00 KB   0.0      0.0     0.0      0.0       0.0      0.0       0.0   0.0      0.0      0.0      0.00              0.00         0    0.000       0      0

** Compaction Stats [default] **
Priority    Files   Size     Score Read(GB)  Rn(GB) Rnp1(GB) Write(GB) Wnew(GB) Moved(GB) W-Amp Rd(MB/s) Wr(MB/s) Comp(sec) CompMergeCPU(sec) Comp(cnt) Avg(sec) KeyIn KeyDrop
-------------------------------------------------------------------------------------------------------------------------------------------------------------------------------
User      0/0    0.00 KB   0.0      0.0     0.0      0.0       0.0      0.0       0.0   0.0      0.0      0.0      0.03              0.00         1    0.035       0      0
Uptime(secs): 600.1 total, 600.0 interval
Flush(GB): cumulative 0.000, interval 0.000
AddFile(GB): cumulative 0.000, interval 0.000
AddFile(Total Files): cumulative 0, interval 0
AddFile(L0 Files): cumulative 0, interval 0
AddFile(Keys): cumulative 0, interval 0
Cumulative compaction: 0.00 GB write, 0.00 MB/s write, 0.00 GB read, 0.00 MB/s read, 0.0 seconds
Interval compaction: 0.00 GB write, 0.00 MB/s write, 0.00 GB read, 0.00 MB/s read, 0.0 seconds
Stalls(count): 0 level0_slowdown, 0 level0_slowdown_with_compaction, 0 level0_numfiles, 0 level0_numfiles_with_compaction, 0 stop for pending_compaction_bytes, 0 slowdown for pending_compaction_bytes, 0 memtable_compaction, 0 memtable_slowdown, interval 0 total count

** File Read Latency Histogram By Level [default] **

** Compaction Stats [default] **
Level    Files   Size     Score Read(GB)  Rn(GB) Rnp1(GB) Write(GB) Wnew(GB) Moved(GB) W-Amp Rd(MB/s) Wr(MB/s) Comp(sec) CompMergeCPU(sec) Comp(cnt) Avg(sec) KeyIn KeyDrop
----------------------------------------------------------------------------------------------------------------------------------------------------------------------------
  L0      2/0    1.57 KB   0.5      0.0     0.0      0.0       0.0      0.0       0.0   1.0      0.0      0.0      0.03              0.00         1    0.035       0      0
  L1      1/0    0.88 KB   0.0      0.0     0.0      0.0       0.0      0.0       0.0   0.0      0.0      0.0      0.00              0.00         0    0.000       0      0
 Sum      3/0    2.45 KB   0.0      0.0     0.0      0.0       0.0      0.0       0.0   1.0      0.0      0.0      0.03              0.00         1    0.035       0      0
 Int      0/0    0.00 KB   0.0      0.0     0.0      0.0       0.0      0.0       0.0   0.0      0.0      0.0      0.00              0.00         0    0.000       0      0

** Compaction Stats [default] **
Priority    Files   Size     Score Read(GB)  Rn(GB) Rnp1(GB) Write(GB) Wnew(GB) Moved(GB) W-Amp Rd(MB/s) Wr(MB/s) Comp(sec) CompMergeCPU(sec) Comp(cnt) Avg(sec) KeyIn KeyDrop
-------------------------------------------------------------------------------------------------------------------------------------------------------------------------------
User      0/0    0.00 KB   0.0      0.0     0.0      0.0       0.0      0.0       0.0   0.0      0.0      0.0      0.03              0.00         1    0.035       0      0
Uptime(secs): 600.1 total, 0.0 interval
Flush(GB): cumulative 0.000, interval 0.000
AddFile(GB): cumulative 0.000, interval 0.000
AddFile(Total Files): cumulative 0, interval 0
AddFile(L0 Files): cumulative 0, interval 0
AddFile(Keys): cumulative 0, interval 0
Cumulative compaction: 0.00 GB write, 0.00 MB/s write, 0.00 GB read, 0.00 MB/s read, 0.0 seconds
Interval compaction: 0.00 GB write, 0.00 MB/s write, 0.00 GB read, 0.00 MB/s read, 0.0 seconds
Stalls(count): 0 level0_slowdown, 0 level0_slowdown_with_compaction, 0 level0_numfiles, 0 level0_numfiles_with_compaction, 0 stop for pending_compaction_bytes, 0 slowdown for pending_compaction_bytes, 0 memtable_compaction, 0 memtable_slowdown, interval 0 total count

** File Read Latency Histogram By Level [default] **
2022/05/16-13:36:33.926558 7f7e83e49700 [/db_impl/db_impl.cc:854] ------- DUMPING STATS -------
2022/05/16-13:36:42.533876 7f7e83e49700 [/db_impl/db_impl.cc:855] 
** DB Stats **
Uptime(secs): 1241.1 total, 641.0 interval
Cumulative writes: 40 writes, 0 keys, 40 commit groups, 1.0 writes per commit group, ingest: 0.00 GB, 0.00 MB/s
Cumulative WAL: 40 writes, 40 syncs, 0.98 writes per sync, written: 0.00 GB, 0.00 MB/s
Cumulative stall: 00:00:0.000 H:M:S, 0.0 percent
Interval writes: 20 writes, 0 keys, 20 commit groups, 1.0 writes per commit group, ingest: 0.00 MB, 0.00 MB/s
Interval WAL: 20 writes, 20 syncs, 0.95 writes per sync, written: 0.00 MB, 0.00 MB/s
Interval stall: 00:00:0.000 H:M:S, 0.0 percent

** Compaction Stats [default] **
Level    Files   Size     Score Read(GB)  Rn(GB) Rnp1(GB) Write(GB) Wnew(GB) Moved(GB) W-Amp Rd(MB/s) Wr(MB/s) Comp(sec) CompMergeCPU(sec) Comp(cnt) Avg(sec) KeyIn KeyDrop
----------------------------------------------------------------------------------------------------------------------------------------------------------------------------
  L0      2/0    1.57 KB   0.5      0.0     0.0      0.0       0.0      0.0       0.0   1.0      0.0      0.0      0.03              0.00         1    0.035       0      0
  L1      1/0    0.88 KB   0.0      0.0     0.0      0.0       0.0      0.0       0.0   0.0      0.0      0.0      0.00              0.00         0    0.000       0      0
 Sum      3/0    2.45 KB   0.0      0.0     0.0      0.0       0.0      0.0       0.0   1.0      0.0      0.0      0.03              0.00         1    0.035       0      0
 Int      0/0    0.00 KB   0.0      0.0     0.0      0.0       0.0      0.0       0.0   0.0      0.0      0.0      0.00              0.00         0    0.000       0      0

** Compaction Stats [default] **
Priority    Files   Size     Score Read(GB)  Rn(GB) Rnp1(GB) Write(GB) Wnew(GB) Moved(GB) W-Amp Rd(MB/s) Wr(MB/s) Comp(sec) CompMergeCPU(sec) Comp(cnt) Avg(sec) KeyIn KeyDrop
-------------------------------------------------------------------------------------------------------------------------------------------------------------------------------
User      0/0    0.00 KB   0.0      0.0     0.0      0.0       0.0      0.0       0.0   0.0      0.0      0.0      0.03              0.00         1    0.035       0      0
Uptime(secs): 1241.3 total, 641.2 interval
Flush(GB): cumulative 0.000, interval 0.000
AddFile(GB): cumulative 0.000, interval 0.000
AddFile(Total Files): cumulative 0, interval 0
AddFile(L0 Files): cumulative 0, interval 0
AddFile(Keys): cumulative 0, interval 0
Cumulative compaction: 0.00 GB write, 0.00 MB/s write, 0.00 GB read, 0.00 MB/s read, 0.0 seconds
Interval compaction: 0.00 GB write, 0.00 MB/s write, 0.00 GB read, 0.00 MB/s read, 0.0 seconds
Stalls(count): 0 level0_slowdown, 0 level0_slowdown_with_compaction, 0 level0_numfiles, 0 level0_numfiles_with_compaction, 0 stop for pending_compaction_bytes, 0 slowdown for pending_compaction_bytes, 0 memtable_compaction, 0 memtable_slowdown, interval 0 total count

** File Read Latency Histogram By Level [default] **

** Compaction Stats [default] **
Level    Files   Size     Score Read(GB)  Rn(GB) Rnp1(GB) Write(GB) Wnew(GB) Moved(GB) W-Amp Rd(MB/s) Wr(MB/s) Comp(sec) CompMergeCPU(sec) Comp(cnt) Avg(sec) KeyIn KeyDrop
----------------------------------------------------------------------------------------------------------------------------------------------------------------------------
  L0      2/0    1.57 KB   0.5      0.0     0.0      0.0       0.0      0.0       0.0   1.0      0.0      0.0      0.03              0.00         1    0.035       0      0
  L1      1/0    0.88 KB   0.0      0.0     0.0      0.0       0.0      0.0       0.0   0.0      0.0      0.0      0.00              0.00         0    0.000       0      0
 Sum      3/0    2.45 KB   0.0      0.0     0.0      0.0       0.0      0.0       0.0   1.0      0.0      0.0      0.03              0.00         1    0.035       0      0
 Int      0/0    0.00 KB   0.0      0.0     0.0      0.0       0.0      0.0       0.0   0.0      0.0      0.0      0.00              0.00         0    0.000       0      0

** Compaction Stats [default] **
Priority    Files   Size     Score Read(GB)  Rn(GB) Rnp1(GB) Write(GB) Wnew(GB) Moved(GB) W-Amp Rd(MB/s) Wr(MB/s) Comp(sec) CompMergeCPU(sec) Comp(cnt) Avg(sec) KeyIn KeyDrop
-------------------------------------------------------------------------------------------------------------------------------------------------------------------------------
User      0/0    0.00 KB   0.0      0.0     0.0      0.0       0.0      0.0       0.0   0.0      0.0      0.0      0.03              0.00         1    0.035       0      0
Uptime(secs): 1241.3 total, 0.0 interval
Flush(GB): cumulative 0.000, interval 0.000
AddFile(GB): cumulative 0.000, interval 0.000
AddFile(Total Files): cumulative 0, interval 0
AddFile(L0 Files): cumulative 0, interval 0
AddFile(Keys): cumulative 0, interval 0
Cumulative compaction: 0.00 GB write, 0.00 MB/s write, 0.00 GB read, 0.00 MB/s read, 0.0 seconds
Interval compaction: 0.00 GB write, 0.00 MB/s write, 0.00 GB read, 0.00 MB/s read, 0.0 seconds
Stalls(count): 0 level0_slowdown, 0 level0_slowdown_with_compaction, 0 level0_numfiles, 0 level0_numfiles_with_compaction, 0 stop for pending_compaction_bytes, 0 slowdown for pending_compaction_bytes, 0 memtable_compaction, 0 memtable_slowdown, interval 0 total count

** File Read Latency Histogram By Level [default] **
